26 0 1 4 1 41.0 24 1 0.5 0 1
26 0 1 4 1 41.0 24 0 0.5 1 0
26 0 1 4 1 41.0 24 0 0.5 0 1
26 0 1 4 1 41.0 24 0 0.5 1 0
26 0 1 4 1 41.0 24 0 0.5 1 0
26 0 1 4 1 41.0 24 0 0.5 1 0
0 0 0 4 1 41.0 24 1 0.5 1 0
26 1 3 5 3 966.0 31 0 0.14 1 0
24 1 2 3 1 576.0 33 1 0.18 1 0
55 1 0 4 2 607.0 17 0 0.63 1 0
55 1 0 4 2 340.0 32 1 0.23 1 0
39 1 3 5 1 443.0 31 1 0.42 1 0
26 1 3 5 3 1350.0 20 1 0.06 1 0
24 1 2 3 1 101.0 19 0 3.46 1 0
39 1 2 2 1 54.0 15 0 4.6 1 0
36 1 3 5 2 853.0 34 0 0.18 1 0
24 1 2 3 1 877.0 14 0 0.29 1 0
24 1 2 3 1 843.0 20 1 0.27 1 0
36 1 3 5 2 299.0 27 0 0.41 1 0
55 1 0 4 2 253.0 34 1 0.83 1 0
39 1 3 5 1 399.0 36 1 0.55 1 0
54 1 0 5 2 891.0 21 1 0.18 1 0
39 1 3 5 1 954.0 18 1 0.5 1 0
21 1 2 1 1 573.0 27 1 0.51 1 0
39 1 2 2 1 588.0 23 1 0.3 1 0
33 1 3 1 2 112.0 15 1 1.7 1 0
26 1 3 5 3 849.0 24 0 0.05 1 0
48 0 2 4 1 242.0 35 0 0.69 0 1
25 0 2 1 2 1346.0 15 1 0.29 0 1
22 0 0 2 3 1537.0 19 0 0.21 0 1
23 0 2 4 1 143.0 26 1 0.96 0 1
23 0 2 4 1 67.0 32 1 3.01 0 1
45 0 2 1 3 182.0 30 1 0.04 0 1
19 0 0 5 2 818.0 33 0 0.31 0 1
23 0 2 4 1 1465.0 16 1 0.39 0 1
36 0 0 2 3 230.0 13 1 2.53 0 1
48 0 2 4 1 2222.0 12 1 0.31 0 1
36 0 0 2 3 1531.0 19 1 0.04 0 1
51 0 2 1 3 1105.0 24 1 0.01 0 1
21 0 1 4 2 322.0 20 1 1.47 0 1
25 0 2 1 2 497.0 19 0 0.21 0 1
22 0 0 2 3 362.0 13 1 0.46 0 1
45 0 2 1 3 1066.0 16 1 0.22 0 1
22 0 0 2 3 985.0 18 1 0.24 0 1
22 0 0 2 3 270.0 17 0 0.92 0 1
36 0 0 2 3 933.0 22 1 0.47 0 1
48 0 2 4 1 646.0 19 0 0.63 0 1
26 0 1 4 1 41.0 24 0 0.5 1 0
